[LEFT_CAM_2K]
fx=1398.47
fy=1398.47
cx=1138.23
cy=588.071
k1=-0.16825
k2=0.0213873

[RIGHT_CAM_2K]
fx=1401.77
fy=1401.77
cx=1113.76
cy=607.116
k1=-0.170884
k2=0.0241958

[LEFT_CAM_FHD]
fx=1398.47
fy=1398.47
cx=994.228
cy=507.071
k1=-0.16825
k2=0.0213873

[RIGHT_CAM_FHD]
fx=1401.77
fy=1401.77
cx=969.76
cy=526.116
k1=-0.170884
k2=0.0241958

[LEFT_CAM_HD]
fx=699.237
fy=699.237
cx=655.614
cy=342.035
k1=-0.16825
k2=0.0213873

[RIGHT_CAM_HD]
fx=700.885
fy=700.885
cx=643.38
cy=351.558
k1=-0.170884
k2=0.0241958

[LEFT_CAM_VGA]
fx=349.618
fy=349.618
cx=343.307
cy=178.518
k1=-0.16825
k2=0.0213873

[RIGHT_CAM_VGA]
fx=350.442
fy=350.442
cx=337.19
cy=183.279
k1=-0.170884
k2=0.0241958

[STEREO]
Baseline=120
CV_2K=0.0122093
CV_FHD=0.0122093
CV_HD=0.0122093
CV_VGA=0.0122093
RX_2K=-0.0140545
RX_FHD=-0.0140545
RX_HD=-0.0140545
RX_VGA=-0.0140545
RZ_2K=-0.000694136
RZ_FHD=-0.000694136
RZ_HD=-0.000694136
RZ_VGA=-0.000694136



